180 0.044880 
179 0.044715 
178 0.043235 
177 0.040653 
176 0.037326 
175 0.033670 
174 0.030399 
173 0.028081 
172 0.027246 
171 0.028339 
170 0.031615 
169 0.037172 
168 0.045025 
167 0.054816 
166 0.066037 
165 0.078076 
164 0.090293 
163 0.101730 
162 0.111304 
161 0.118619 
160 0.122879 
159 0.123765 
158 0.120976 
157 0.114328 
156 0.104446 
155 0.091985 
154 0.077878 
153 0.063310 
152 0.049452 
151 0.038007 
150 0.029996 
149 0.027177 
148 0.030619 
147 0.040980 
146 0.059106 
145 0.085167 
144 0.118623 
143 0.159027 
142 0.205305 
141 0.255995 
140 0.308967 
139 0.362343 
138 0.414064 
137 0.461963 
136 0.503963 
135 0.537581 
134 0.561527 
133 0.574386 
132 0.575937 
131 0.566024 
130 0.544994 
129 0.513472 
128 0.472326 
127 0.424180 
126 0.371099 
125 0.315308 
124 0.258740 
123 0.204555 
122 0.155001 
121 0.111753 
120 0.076915 
119 0.051856 
118 0.037037 
117 0.033269 
116 0.039882 
115 0.056355 
114 0.081393 
113 0.113347 
112 0.150438 
111 0.190401 
110 0.230919 
109 0.270332 
108 0.305747 
107 0.336554 
106 0.359879 
105 0.375229 
104 0.382707 
103 0.381651 
102 0.372356 
101 0.355194 
100 0.332308 
99 0.304814 
98 0.274489 
97 0.242732 
96 0.212128 
95 0.184428 
94 0.161140 
93 0.143306 
92 0.132202 
91 0.128470 
90 0.132410 
89 0.143657 
88 0.161936 
87 0.186349 
86 0.215576 
85 0.247213 
84 0.280121 
83 0.312510 
82 0.342500 
81 0.366992 
80 0.385984 
79 0.398521 
78 0.404124 
77 0.401052 
76 0.391097 
75 0.375414 
74 0.355428 
73 0.332456 
72 0.307951 
71 0.285348 
70 0.266734 
69 0.254423 
68 0.250308 
67 0.255327 
66 0.271131 
65 0.298347 
64 0.336857 
63 0.385844 
62 0.443853 
61 0.508765 
60 0.577950 
59 0.647178 
58 0.714251 
57 0.775756 
56 0.828599 
55 0.869967 
54 0.897143 
53 0.908726 
52 0.903911 
51 0.882747 
50 0.845804 
49 0.795299 
48 0.734137 
47 0.665853 
46 0.594557 
45 0.523805 
44 0.459041 
43 0.405063 
42 0.366072 
41 0.345604 
40 0.346390 
39 0.369705 
38 0.414609 
37 0.482055 
36 0.570311 
35 0.676286 
34 0.792197 
33 0.917083 
32 1.046026 
31 1.168628 
30 1.283274 
29 1.384745 
28 1.463186 
27 1.522000 
26 1.554252 
25 1.561401 
24 1.543192 
23 1.501056 
22 1.438217 
21 1.356479 
20 1.263286 
19 1.165820 
18 1.067062 
17 0.976233 
16 0.894749 
15 0.829417 
14 0.785699 
13 0.764037 
12 0.765474 
11 0.790413 
10 0.837802 
9 0.902793 
8 0.981454 
7 1.067940 
6 1.157494 
5 1.244197 
4 1.322131 
3 1.382193 
2 1.422791 
1 1.441565 
0 1.437563 
