180 0.059210 
179 0.057787 
178 0.054126 
177 0.048538 
176 0.041475 
175 0.033390 
174 0.025273 
173 0.017850 
172 0.011808 
171 0.007742 
170 0.006128 
169 0.007196 
168 0.010978 
167 0.017193 
166 0.025394 
165 0.034968 
164 0.045127 
163 0.054970 
162 0.063460 
161 0.069962 
160 0.073909 
159 0.074830 
158 0.072601 
157 0.067195 
156 0.059344 
155 0.049906 
154 0.040017 
153 0.031064 
152 0.024471 
151 0.022030 
150 0.024962 
149 0.034965 
148 0.053048 
147 0.079680 
146 0.115417 
145 0.160041 
144 0.212392 
143 0.271479 
142 0.335576 
141 0.402517 
140 0.469267 
139 0.533355 
138 0.592163 
137 0.643024 
136 0.683501 
135 0.710771 
134 0.723673 
133 0.720929 
132 0.702964 
131 0.670277 
130 0.624053 
129 0.565930 
128 0.498048 
127 0.424179 
126 0.347568 
125 0.271619 
124 0.199702 
123 0.135514 
122 0.081985 
121 0.041586 
120 0.016249 
119 0.007225 
118 0.014634 
117 0.038286 
116 0.076505 
115 0.127474 
114 0.188451 
113 0.256214 
112 0.327423 
111 0.397930 
110 0.464252 
109 0.523829 
108 0.572424 
107 0.609420 
106 0.630628 
105 0.636232 
104 0.627253 
103 0.603617 
102 0.566663 
101 0.517730 
100 0.461193 
99 0.399675 
98 0.336586 
97 0.274701 
96 0.218344 
95 0.170443 
94 0.133420 
93 0.109076 
92 0.098871 
91 0.103264 
90 0.122003 
89 0.153744 
88 0.196900 
87 0.249212 
86 0.307875 
85 0.368453 
84 0.428743 
83 0.485624 
82 0.535957 
81 0.574820 
80 0.602312 
79 0.617061 
78 0.618602 
77 0.604734 
76 0.578501 
75 0.542057 
74 0.498103 
73 0.449052 
72 0.397637 
71 0.349189 
70 0.306983 
69 0.274588 
68 0.254837 
67 0.249262 
66 0.259874 
65 0.287298 
64 0.331037 
63 0.389489 
62 0.460482 
61 0.540254 
60 0.625569 
59 0.710018 
58 0.790518 
57 0.862937 
56 0.922937 
55 0.967274 
54 0.993329 
53 0.999684 
52 0.986170 
51 0.953814 
50 0.904478 
49 0.841781 
48 0.770183 
47 0.694774 
46 0.621110 
45 0.553827 
44 0.499320 
43 0.462952 
42 0.448847 
41 0.460075 
40 0.498430 
39 0.563576 
38 0.652029 
37 0.763300 
36 0.893334 
35 1.036455 
34 1.180921 
33 1.325069 
32 1.461949 
31 1.578103 
30 1.672112 
29 1.737797 
28 1.764954 
27 1.758862 
26 1.713650 
25 1.633100 
24 1.519489 
23 1.377477 
22 1.213313 
21 1.032500 
20 0.846299 
19 0.664068 
18 0.493915 
17 0.344639 
16 0.222414 
15 0.134353 
14 0.084811 
13 0.075928 
12 0.107758 
11 0.178139 
10 0.283310 
9 0.417265 
8 0.572846 
7 0.739624 
6 0.909908 
5 1.074948 
4 1.226145 
3 1.350263 
2 1.444545 
1 1.504568 
0 1.527202 
