180 0.045218 
179 0.044431 
178 0.042431 
177 0.039454 
176 0.035855 
175 0.032039 
174 0.028674 
173 0.026301 
172 0.025429 
171 0.026490 
170 0.029712 
169 0.035176 
168 0.042887 
167 0.052480 
166 0.063432 
165 0.075127 
164 0.086915 
163 0.097844 
162 0.106846 
161 0.113510 
160 0.117076 
159 0.117220 
158 0.113672 
157 0.106272 
156 0.095658 
155 0.082514 
154 0.067789 
153 0.052677 
152 0.038396 
151 0.026591 
150 0.018386 
149 0.015442 
148 0.018829 
147 0.029262 
146 0.047478 
145 0.073622 
144 0.107215 
143 0.147701 
142 0.193978 
141 0.244564 
140 0.297363 
139 0.350450 
138 0.401753 
137 0.449118 
136 0.490485 
135 0.523405 
134 0.546622 
133 0.558769 
132 0.559648 
131 0.549143 
130 0.527647 
129 0.495833 
128 0.454636 
127 0.406673 
126 0.354030 
125 0.298942 
124 0.243383 
123 0.190436 
122 0.142312 
121 0.100682 
120 0.067545 
119 0.044191 
118 0.031051 
117 0.028793 
116 0.036718 
115 0.054217 
114 0.079950 
113 0.112239 
112 0.149279 
111 0.188794 
110 0.228524 
109 0.266833 
108 0.300946 
107 0.330268 
106 0.352059 
105 0.365915 
104 0.372018 
103 0.369818 
102 0.359684 
101 0.342060 
100 0.319114 
99 0.292002 
98 0.262505 
97 0.232050 
96 0.203176 
95 0.177620 
94 0.156878 
93 0.142008 
92 0.134203 
91 0.133988 
90 0.141483 
89 0.156095 
88 0.177300 
87 0.204048 
86 0.234935 
85 0.267513 
84 0.300724 
83 0.332854 
82 0.362114 
81 0.385498 
80 0.403099 
79 0.414046 
78 0.417992 
77 0.413278 
76 0.401706 
75 0.384456 
74 0.363010 
73 0.338636 
72 0.312743 
71 0.288742 
70 0.268597 
69 0.254576 
68 0.248473 
67 0.251159 
66 0.264212 
65 0.288207 
64 0.323001 
63 0.367778 
62 0.421135 
61 0.480992 
60 0.544878 
59 0.608710 
58 0.670413 
57 0.726804 
56 0.774930 
55 0.812168 
54 0.836074 
53 0.845348 
52 0.839317 
51 0.818131 
50 0.782487 
49 0.734550 
48 0.677147 
47 0.613688 
46 0.548107 
45 0.483770 
44 0.425794 
43 0.378670 
42 0.346248 
41 0.331757 
40 0.337654 
39 0.364989 
38 0.412665 
37 0.481519 
36 0.569802 
35 0.674481 
34 0.787938 
33 0.909366 
32 1.034082 
31 1.152021 
30 1.261811 
29 1.358533 
28 1.432677 
27 1.487778 
26 1.517140 
25 1.522297 
24 1.503038 
23 1.460766 
22 1.398607 
21 1.318272 
20 1.226893 
19 1.131370 
18 1.034466 
17 0.945064 
16 0.864452 
15 0.799175 
14 0.754494 
13 0.730866 
12 0.729378 
11 0.750566 
10 0.793578 
9 0.853983 
8 0.928274 
7 1.011344 
6 1.098974 
5 1.185933 
4 1.266987 
3 1.334128 
2 1.385568 
1 1.418536 
0 1.431078 
